%% plot the gray map.  for camera C1,  vertically 2050*2448, very good subpixel resolution.  

% am_map_gray0_0_1000_2448_1_C1
hp1 = [ 12	62	16	1105	126	1023	1027	524	1072	1276	231	5	14	770	451	2000	1857	633	1023	510	769	561	3	905	377	1539	502	215	1012	1921	1536	448	511	996	126	51	1026	126	896	523	1782	55	48	103	703	447	984	254	960	1011	481	824	114	1124	19	39	496	454	249	1279	992	535	239	2040	2047	387	48	505	1009	24	960	1023	92	911	478	159	487	160	28	16	155	275	254	207	1925	114	1665	779	896	94	1795	304	29	224	384	236	207	255	0	127	399	313	1990	31	511	1984	1023	120	681	200	224	880	1520	63	47	390	34	263	12	2023	548	223	47	4	8	516	255	961	894	1031	75	2016	3	126	1	933	734	3	2016	285	14	255	155	255	45	775	19	1020	245	62	39	225	22	206	251	192	992	256	15	51	233	768	192	12	787	251	7	323	1536	255	231	1020	126	928	96	866	15	947	34	460	452	460	966	127	254	195	105	512	4	123	24	15	2	64	30	819	15	775	1251	255	63	959	88	193	29	246	1	453	408	1000	456	15	1027	1997	0	1019	15	1712	51	27	974	252	96	2047	63	249	782	224	3	253	7	12	80	120	1012	399	224	383	71	399	48	48	510	455	431	28	942	31	3	415	0	463	245	124	57	18	127	86	127	783	124	0	30	12	0	235	156	21	236	56	252	17	391	2032	206	480	63	62	103	897	222	0	48	6	455	30	13	1	12	130	94	51	193	59	28	499	135	15	455	124	4	248	1012	79	2032	28	0	505	17	1	30	1023	14	63	216	0	319	248	27	32	39	10	0	3	2	32	5	112	65	107	15	0	0	12	11	16	7	1	4	8	4	56	0	1	0	0	0	1	1	2	3	4	5	6	7	9	10	11	12	12	14	15	16	18	19	20	21	22	24	24	26	27	28	29	30	31	33	34	35	36	37	38	40	41	42	42	44	45	46	48	48	50	51	52	53	54	56	57	58	59	60	61	62	64	64	66	67	68	69	70	72	72	74	75	76	77	78	80	81	82	83	84	85	86	87	89	90	91	92	94	95	96	97	98	99	100	102	103	104	105	106	107	108	110	111	112	113	114	115	116	118	119	120	121	122	123	124	126	127	127	128	131	133	134	134	134	136	137	138	139	140	141	141	145	146	146	147	148	149	150	154	154	154	155	156	158	159	160	161	162	163	164	165	166	168	169	170	171	172	173	174	176	177	178	179	180	181	182	184	185	186	187	188	189	190	192	194	194	195	196	197	198	199	200	202	203	204	205	206	207	208	210	210	212	213	214	215	216	218	219	220	221	222	223	224	226	226	228	229	230	231	232	233	234	236	237	238	239	240	241	242	244	245	246	247	248	249	250	252	253	254	255	256	257	258	260	260	262	263	264	265	266	267	268	270	271	272	273	274	275	276	278	279	280	281	282	283	284	286	286	288	289	290	291	292	294	294	296	297	298	299	300	301	302	304	305	306	307	308	309	310	312	313	314	315	316	317	318	319	320	322	323	324	325	326	327	328	330	331	332	333	334	335	336	337	338	340	341	342	343	344	345	346	348	349	350	351	352	353	354	356	356	358	359	360	361	362	363	364	365	366	368	369	370	371	373	374	374	376	377	378	379	380	381	382	384	384	386	387	388	389	390	391	392	394	395	396	397	398	399	400	401	403	404	405	406	407	408	409	410	412	413	414	415	416	417	418	419	420	422	423	424	425	426	427	428	430	431	432	433	434	435	436	437	438	440	441	442	443	444	445	446	447	448	450	451	452	453	454	455	456	457	459	460	461	462	463	464	465	466	467	469	470	471	472	473	473	480	480	481	482	483	485	486	487	488	489	490	491	492	494	494	496	497	498	499	500	501	502	503	505	506	507	508	509	510	511	513	513	514	516	517	518	519	520	521	522	523	524	526	527	528	529	530	531	532	533	535	536	537	538	539	540	541	542	543	544	545	547	548	549	550	551	552	553	554	555	556	558	559	560	561	562	563	564	565	567	568	569	570	571	572	573	575	575	576	578	579	580	581	582	583	584	585	586	588	588	590	591	592	593	594	595	596	597	598	600	601	602	603	604	605	606	607	609	609	610	612	613	614	615	616	617	618	619	621	622	623	624	625	626	627	628	629	630	631	632	634	635	636	637	638	639	640	641	643	644	645	646	647	648	649	650	651	652	653	655	656	657	658	659	660	661	662	663	664	665	667	668	669	670	671	672	673	674	675	677	677	679	680	681	682	683	684	685	686	687	688	689	691	692	693	694	695	696	697	698	699	700	701	702	704	705	706	707	708	709	711	711	712	713	715	716	717	718	719	720	721	722	723	724	726	727	728	729	730	731	732	733	734	735	736	738	739	740	741	742	743	744	745	746	747	748	750	751	752	752	754	755	756	757	758	759	761	761	763	764	765	766	767	768	769	770	771	772	773	775	776	777	778	779	780	781	782	783	784	785	786	788	789	790	791	792	793	794	795	796	797	798	799	800	802	803	804	805	806	807	808	809	810	811	812	814	815	816	817	818	819	820	821	822	823	824	826	827	828	829	830	831	832	833	834	835	836	837	839	839	840	842	843	844	845	846	847	848	849	850	851	852	854	855	856	857	858	859	860	861	862	863	864	865	867	868	869	870	871	872	873	874	875	877	877	878	879	881	882	883	884	885	886	887	888	889	890	891	892	894	895	896	897	898	899	900	901	902	903	904	905	907	907	909	910	911	912	913	914	915	916	917	919	919	920	922	923	924	925	926	927	928	929	930	931	932	933	935	936	937	938	939	940	941	942	943	944	945	946	947	948	950	951	952	953	954	955	956	957	958	959	961	961	963	964	965	966	967	968	969	970	971	972	973	974	975	976	978	979	980	980	982	983	984	985	986	987	988	990	991	991	992	994	995	996	997	998	999	1000	1001	1002	1003	1004	1006	1007	1008	1009	1010	1011	1012	1013	1014	1015	1016	1017	1019	1019	1021	1021	1023	1024	1025	1026	1027	1028	1029	1030	1031	1032	1033	1034	1035	1037	1038	1039	1040	1041	1042	1043	1044	1045	1046	1047	1048	1049	1051	1052	1052	1054	1055	1056	1057	1058	1059	1060	1061	1063	1063	1065	1065	1067	1068	1069	1070	1071	1072	1073	1074	1075	1076	1077	1079	1079	1081	1082	1083	1084	1085	1086	1087	1087	1089	1090	1091	1091	1095	1096	1097	1098	1099	1100	1101	1102	1103	1104	1106	1107	1107	1109	1110	1111	1112	1113	1114	1115	1116	1117	1118	1119	1120	1121	1123	1124	1125	1126	1127	1128	1129	1130	1131	1132	1133	1134	1135	1136	1137	1139	1140	1141	1142	1143	1144	1145	1146	1147	1148	1149	1150	1151	1152	1153	1155	1156	1157	1158	1159	1160	1161	1162	1163	1164	1165	1166	1167	1168	1169	1171	1172	1173	1174	1175	1176	1177	1178	1179	1180	1181	1182	1183	1184	1185	1186	1188	1189	1190	1191	1192	1193	1194	1195	1196	1197	1198	1199	1200	1201	1203	1204	1205	1206	1207	1208	1209	1210	1211	1212	1213	1214	1215	1216	1218	1218	1220	1221	1222	1223	1224	1225	1226	1227	1228	1229	1230	1231	1232	1233	1235	1236	1237	1238	1239	1240	1241	1242	1243	1244	1245	1246	1247	1248	1249	1250	1252	1253	1254	1255	1256	1257	1258	1259	1260	1261	1262	1263	1264	1265	1267	1267	1269	1270	1271	1272	1273	1274	1275	1276	1277	1278	1279	1280	1281	1283	1283	1285	1286	1287	1288	1289	1290	1291	1292	1293	1294	1295	1296	1297	1298	1299	1300	1301	1303	1304	1305	1306	1307	1308	1309	1310	1311	1312	1313	1314	1315	1317	1317	1318	1319	1321	1322	1323	1324	1325	1326	1327	1328	1329	1330	1331	1332	1333	1334	1335	1336	1337	1339	1340	1341	1342	1343	1344	1345	1346	1347	1348	1349	1350	1351	1352	1354	1355	1356	1357	1358	1359	1360	1361	1362	1363	1364	1365	1367	1367	1368	1369	1371	1372	1373	1374	1375	1376	1377	1378	1379	1380	1381	1382	1383	1385	1386	1387	1388	1389	1390	1391	1392	1393	1394	1395	1396	1397	1399	1399	1400	1401	1403	1404	1404	1406	1407	1408	1409	1410	1411	1412	1413	1414	1415	1416	1417	1418	1419	1420	1422	1423	1424	1425	1426	1427	1428	1429	1430	1431	1433	1434	1435	1436	1437	1438	1439	1440	1440	1442	1443	1444	1445	1446	1447	1448	1449	1451	1451	1453	1454	1455	1456	1457	1458	1459	1460	1461	1463	1463	1465	1465	1467	1467	1468	1469	1471	1472	1473	1475	1475	1476	1477	1478	1479	1480	1481	1483	1483	1484	1485	1487	1488	1489	1490	1491	1492	1493	1494	1495	1496	1496	1498	1499	1500	1501	1503	1503	1504	1506	1507	1508	1509	1510	1511	1512	1513	1515	1515	1516	1517	1519	1519	1520	1522	1523	1524	1524	1526	1527	1528	1529	1530	1531	1532	1533	1535	1535	1537	1538	1539	1539	1541	1542	1543	1544	1544	1547	1547	1548	1549	1551	1551	1553	1553	1555	1555	1557	1558	1559	1560	1561	1562	1563	1564	1565	1566	1567	1568	1569	1570	1571	1572	1574	1575	1576	1577	1578	1579	1580	1581	1582	1583	1584	1585	1587	1587	1588	1590	1591	1592	1593	1594	1595	1596	1596	1598	1599	1600	1601	1602	1603	1604	1605	1607	1607	1609	1610	1610	1612	1613	1615	1615	1616	1617	1618	1619	1620	1621	1622	1623	1624	1626	1626	1627	1628	1629	1631	1631	1633	1635	1635	1637	1638	1639	1639	1641	1641	1643	1644	1645	1646	1647	1648	1649	1650	1651	1652	1653	1654	1655	1656	1657	1658	1659	1660	1662	1663	