%% plot the unwrapped map.  for camera C1,  vertically 2050*2448, very good subpixel resolution.  

% am_map_phase_unwraped0_0_1000_2448_1_C1.txt
hp1 = [12	62	16.2163	1105	126	1021.5	1027	523.784	1070.83	1277.14	231	5	14	770.675	451	2000	1857.5	631.325	1023	510.784	769	561	3	903.5	376.5	1539	502	215	1012	1921	1535.5	447	511	996	126	51	1026	126	896	523	1782	55	48.74	102.363	703	447	984	253	961	1011	481	824	114	1124	19	39	496	454	249	1279	992	535	239	2038.75	2047	386.59	48	504	1007.5	24	961.433	1023	93.5	911.5	478	159	486.784	160	28	16	155.154	275	254	207	1925	114	1665	779	896	94	1794.5	304	30	224	385	236	207	255.5	-1.40967	127	398.784	313	1990.5	31	511	1984	1023	118.767	681	200	223.41	880	1520	63.2163	47	390	34	263	11	2023	548	223	47.2163	4	8	516	255	959.5	894	1031	75	2016	3	124.784	1	932	734.716	3	2016	285	12.6372	255	155	255	43.4097	775	18	1020	245	61	39.5	225	23.5	206	251	192	991.5	256	14	51	233	768	192	10.2837	787	251.325	7	323.325	1537.28	255	232.5	1020	126.5	929.637	96	866	13.5	947.216	35	460	452	460	966	127	254	194.119	103.784	512	4	123	24	14.8193	2.40967	64.3628	30	819	15	775	1251	255	61.6372	960.91	88.5	193.284	29	247	1	451.5	408	999	456	14.5	1027	1997	0.637223	1019.5	15	1711.26	51	27	974	252	94.4097	2047.78	63	249	782	224	4.5	253	8.67469	13.1747	81	119.5	1012.17	399	224	382.5	71	400.451	47	49.7837	510	455.5	432	28	942	31	3	413.284	0	463	245	124	57	16.5	127	86	127	783	124	0	31	12	-1	233.5	154.5	21	236	56	252	17	391	2032	206.284	479	63	62	102	896.5	220.175	0	48	6	455	30	13	2.78365	12	130	95.24	51	193	59	29	499.363	136.5	14.5	455	124	3.5	248	1012	80	2031.84	27.5	1	505.216	18.7837	1.09033	29.2163	1023.72	13	64.5	216	0	319	248	28	31.5	39	11.5	0	2.40967	4	30.7837	5	112	65	107	15	0	1	12	10.5	16	7	2.86278	4	8	4.5	56.1747	-0.409666	1.11913	1.45633	1.04367	0.914358	1.11776	1.35112	1.87053	2.62215	3.7136	4.84973	6.08942	7.24391	8.33682	9.48257	10.7548	11.7302	12.8741	14.0461	15.2625	16.3968	17.5152	18.8032	19.8292	20.9405	22.1709	23.2572	24.4793	25.5578	26.6755	27.8635	29.0377	30.1739	31.4044	32.5065	33.6739	34.8722	35.9502	36.9026	38.2174	39.4156	40.5142	41.6843	42.8179	43.9341	45.1239	46.2439	47.5044	48.5863	49.7612	50.8637	51.8206	53.0739	54.4938	55.5786	56.5637	57.7345	58.9695	60.0361	61.153	62.3866	63.4144	64.6254	65.7317	66.9254	68.1015	69.158	70.3461	71.4931	72.653	73.8009	74.9459	76.1181	77.2603	78.348	79.553	80.7802	81.9074	83.0645	84.1274	85.1144	86.1044	87.0386	89.2289	90.3204	91.5431	92.5149	93.6529	94.6573	96.0403	97.0602	98.2234	99.3794	100.455	101.642	102.741	104.024	105.06	106.247	107.419	108.532	109.782	110.828	111.978	113.147	114.224	115.337	116.495	117.632	118.806	119.972	121.113	122.204	123.37	124.496	125.68	126.591	127.421	127.964	130.216	132.83	133.577	133.996	134.86	135.948	137.162	138.163	139.248	140.191	140.795	141.325	145.552	146.1	146.545	147.284	148.112	148.66	149.433	153.563	154.236	154.597	155.315	156.525	157.621	158.835	159.95	161.107	162.171	163.275	164.369	165.454	166.724	167.771	169.008	170.083	171.199	172.41	173.467	174.608	175.788	176.91	178.174	179.246	180.348	181.364	182.558	183.754	185.118	186.134	187.108	188.353	189.412	190.686	191.861	193.803	194.798	195.49	196.157	197.082	198.205	199.317	200.502	201.746	202.836	203.897	205.139	206.264	207.337	208.449	209.688	210.811	211.958	213.205	214.244	215.335	216.344	217.653	218.802	219.866	221.022	222.195	223.333	224.409	225.626	226.846	227.891	229.044	230.202	231.234	232.456	233.501	234.703	235.797	236.893	238.095	239.214	240.348	241.417	242.527	243.707	244.889	246.098	247.248	248.149	249.372	250.559	251.718	252.77	253.944	255.046	256.185	257.283	258.424	259.629	260.679	261.804	263.008	264.102	265.254	266.508	267.498	268.625	269.778	270.87	271.998	273.145	274.269	275.419	276.508	277.795	278.814	279.916	281.122	282.23	283.416	284.494	285.62	286.747	287.827	288.955	290.094	291.259	292.335	293.461	294.686	295.774	296.89	298.045	299.137	300.241	301.391	302.573	303.65	304.755	305.911	307.039	308.1	309.334	310.434	311.518	312.599	313.789	314.938	316.019	317.201	318.327	319.407	320.587	321.705	322.926	323.946	325.142	326.311	327.237	328.435	329.613	330.797	331.815	332.967	334.123	335.28	336.378	337.463	338.683	339.774	340.849	342.005	343.125	344.23	345.438	346.486	347.608	348.726	349.892	351.053	352.131	353.235	354.388	355.482	356.605	357.823	358.965	359.919	361.06	362.298	363.408	364.466	365.541	366.687	367.732	368.98	370.213	371.382	372.523	373.568	374.62	375.687	376.887	377.989	379.065	380.224	381.398	382.564	383.565	384.643	385.863	386.963	388.057	389.245	390.357	391.414	392.575	393.729	394.812	395.88	397.036	398.201	399.309	400.412	401.507	402.666	403.784	404.931	406.05	407.169	408.245	409.39	410.541	411.562	412.695	413.895	415.033	416.051	417.233	418.374	419.407	420.579	421.755	422.862	423.903	425.012	426.194	427.238	428.403	429.55	430.667	431.813	432.889	434.041	435.164	436.206	437.355	438.464	439.62	440.693	441.883	442.973	444.074	445.213	446.291	447.461	448.51	449.674	450.853	451.904	452.933	454.105	455.256	456.305	457.466	458.601	459.686	460.83	461.977	463.048	464.148	465.324	466.417	467.478	468.637	469.809	470.914	471.877	472.483	472.215	479.589	480.301	481.325	482.296	483.413	484.473	485.534	486.772	487.824	489.025	490.274	491.306	492.305	493.689	494.536	495.653	496.89	497.891	498.93	500.023	501.332	502.3	503.447	504.697	505.78	506.845	507.911	508.943	510.207	511.446	512.33	513.443	514.432	515.675	516.877	518	518.93	520.246	521.144	522.223	523.491	524.474	525.712	526.763	527.759	528.949	530.12	531.143	532.182	533.322	534.493	535.635	536.627	537.869	539.103	540.03	541.125	542.309	543.194	544.439	545.538	546.77	547.807	548.837	549.953	551.143	552.264	553.221	554.449	555.449	556.552	557.702	558.798	559.852	561.053	562.107	563.134	564.378	565.428	566.643	567.662	568.882	569.68	570.857	572.073	573.061	574.488	575.398	576.465	577.522	578.639	579.801	580.881	581.964	583.008	584.07	585.307	586.403	587.558	588.554	589.671	590.712	591.856	592.858	593.94	595.252	596.178	597.447	598.473	599.594	600.629	601.624	602.688	603.991	605.201	606.206	607.295	608.49	609.434	610.699	611.666	612.767	613.802	615.064	616.105	617.066	618.098	619.427	620.582	621.604	622.737	623.858	624.759	625.829	627.091	628.201	629.213	630.317	631.37	632.544	633.731	634.702	635.758	636.915	638.032	639.144	640.36	641.233	642.309	643.389	644.631	645.663	646.846	647.777	648.912	649.986	651.238	652.162	653.336	654.608	655.633	656.746	657.626	658.908	659.967	661.084	662.078	663.097	664.291	665.437	666.481	667.502	668.677	669.858	670.956	671.934	673.149	674.048	675.206	676.298	677.451	678.515	679.672	680.665	681.883	682.828	683.987	685.165	686.096	687.281	688.284	689.571	690.618	691.687	692.741	693.828	694.885	696.073	697.079	698.25	699.248	700.516	701.526	702.639	703.612	704.861	705.801	706.931	708.178	709.122	710.348	711.327	712.39	713.443	714.379	715.586	716.726	717.879	718.924	720.138	721.127	722.005	723.17	724.29	725.509	726.63	727.71	728.688	729.848	731.009	732.026	733.056	734.295	735.398	736.406	737.409	738.437	739.694	740.739	741.879	742.874	744.043	745.202	746.174	747.216	748.328	749.489	750.679	751.526	752.615	753.876	754.922	755.946	757.008	758.208	759.183	760.235	761.402	762.588	763.577	764.614	765.735	766.895	767.977	768.997	770.173	771.188	772.25	773.246	774.432	775.59	776.629	777.642	778.691	779.896	780.901	782.009	783.234	784.141	785.174	786.395	787.446	788.56	789.714	790.655	791.799	792.894	793.923	795.034	796.039	797.126	798.306	799.365	800.401	801.537	802.696	803.768	804.694	805.781	807.059	808.106	809.057	810.163	811.223	812.294	813.528	814.583	815.727	816.576	817.775	818.915	819.978	820.975	822.175	823.421	824.223	825.496	826.519	827.466	828.825	829.803	830.703	831.877	832.977	834.028	835.129	836.206	837.321	838.4	839.512	840.536	841.613	842.717	843.859	844.894	845.896	846.99	848.134	849.191	850.169	851.258	852.457	853.55	854.582	855.622	856.719	857.816	858.963	859.918	861.131	862.214	863.185	864.361	865.452	866.463	867.588	868.655	869.706	870.79	871.824	873.016	874.1	875.174	876.236	